0, 128
1, 135
2, 143
3, 150
4, 157
5, 164
6, 171
7, 178
8, 185
9, 191
10, 197
11, 203
12, 209
13, 215
14, 220
15, 225
16, 229
17, 233
18, 237
19, 241
20, 244
21, 247
22, 249
23, 251
24, 253
25, 254
26, 255
27, 255
28, 255
29, 254
30, 253
31, 252
32, 250
33, 248
34, 246
35, 243
36, 239
37, 235
38, 231
39, 227
40, 222
41, 217
42, 212
43, 206
44, 200
45, 194
46, 188
47, 181
48, 174
49, 168
50, 161
51, 153
52, 146
53, 139
54, 132
55, 124
56, 117
57, 110
58, 103
59, 95
60, 88
61, 82
62, 75
63, 68
64, 62
65, 56
66, 50
67, 44
68, 39
69, 34
70, 29
71, 25
72, 21
73, 17
74, 13
75, 10
76, 8
77, 6
78, 4
79, 3
80, 2
81, 1
82, 1
83, 1
84, 2
85, 3
86, 5
87, 7
88, 9
89, 12
90, 15
91, 19
92, 23
93, 27
94, 31
95, 36
96, 41
97, 47
98, 53
99, 59
100, 65
101, 71
102, 78
103, 85
104, 92
105, 99
106, 106
107, 113
108, 121
