0, 0
1, 4
2, 9
3, 14
4, 18
5, 23
6, 28
7, 33
8, 37
9, 42
10, 47
11, 51
12, 56
13, 61
14, 66
15, 70
16, 75
17, 80
18, 85
19, 89
20, 94
21, 99
22, 103
23, 108
24, 113
25, 118
26, 122
27, 127
28, 132
29, 136
30, 141
31, 146
32, 151
33, 155
34, 160
35, 165
36, 170
37, 174
38, 179
39, 184
40, 188
41, 193
42, 198
43, 203
44, 207
45, 212
46, 217
47, 221
48, 226
49, 231
50, 236
51, 240
52, 245
53, 250
54, 255
55, 251
56, 246
57, 242
58, 237
59, 232
60, 228
61, 223
62, 218
63, 214
64, 209
65, 204
66, 200
67, 195
68, 191
69, 186
70, 181
71, 177
72, 172
73, 167
74, 163
75, 158
76, 153
77, 149
78, 144
79, 140
80, 135
81, 130
82, 126
83, 121
84, 116
85, 112
86, 107
87, 102
88, 98
89, 93
90, 89
91, 84
92, 79
93, 75
94, 70
95, 65
96, 61
97, 56
98, 51
99, 47
100, 42
101, 38
102, 33
103, 28
104, 24
105, 19
106, 14
107, 10
108, 5
